groops matrix version=20170920
Matrix( 437 x 1 )
  1.944567795225560760e+10
  4.027331006792373657e+09
 -5.124351349254678726e+09
 -3.958764580915588379e+09
  8.970773063551068306e+08
 -5.643770489648296356e+09
 -6.255224029912681580e+10
  3.441922963804393005e+10
  1.060428265305143738e+10
 -3.174299028616243744e+10
  1.367846813933976364e+10
 -1.264956746723789978e+10
 -1.282230798928462219e+10
 -3.244236098699003220e+10
 -1.708850028126708221e+10
  2.710532566765126801e+10
  3.243165026394981766e+10
 -3.003298875355590820e+09
  8.129115864809751511e+09
 -1.653940508944307137e+10
  2.816958536585136414e+09
  3.102943158472301865e+10
 -2.312870467198789978e+10
  7.904230088545083618e+10
 -3.065357055573791504e+10
  3.595199788198680115e+10
 -1.195890548245816040e+10
 -8.572476606489295006e+09
 -2.371925100471549606e+10
  7.189781232638641357e+10
  1.587162336099586487e+10
  1.359820704895632172e+10
 -2.203474449125246429e+10
 -4.896694369558910370e+09
 -7.020865230703911781e+09
  4.586026633385685730e+10
  2.903179142428841400e+10
  1.846826555253752899e+10
  2.918039597985331726e+10
  1.133425435607070541e+10
 -2.253783694566440582e+09
  3.907371204253890991e+10
  5.856484664687715149e+10
  2.304007543155690002e+10
 -2.393594789765715599e+08
  5.019014045816047668e+09
 -5.264025235810766602e+10
  7.926690149720758057e+10
 -1.585784279303578186e+10
  5.609902245383219910e+10
 -1.902020772155264282e+10
  3.517730807302770996e+10
  9.205968818876094818e+09
  9.932190681048561096e+09
 -1.354489029258801460e+10
 -9.750550031378280640e+09
 -8.508670507750190735e+09
  6.849906193330445862e+10
 -2.302151173355746841e+10
  9.476295186393957138e+09
 -1.738568534984908676e+10
 -5.482921825272268677e+10
 -9.685409027074443817e+09
  3.597042207160275269e+10
  6.527261280344344330e+10
  2.719647147185113525e+10
  1.888813544295643997e+10
  4.133990089264229584e+10
 -2.058406182806774902e+10
 -2.129285623326156616e+10
 -1.363781126896043968e+10
 -7.880741332672271729e+10
  2.389312068077936554e+10
 -1.052095004025893402e+10
 -7.413225853331323624e+09
 -3.979491798836333466e+10
  4.807065354258317566e+10
  1.688938806814006996e+10
 -6.219786397747566986e+10
  7.744407413692285156e+10
 -7.839978629086275101e+09
  7.421713096833146667e+10
 -1.235501428650277519e+10
  2.256895451406388092e+10
  1.767108366463537979e+10
  1.974248282471847534e+10
 -5.754569839839297485e+10
 -1.657405342577715111e+10
  5.853821616704992294e+09
 -3.613357645655809784e+10
  2.106645545062221909e+10
  9.183990827694355011e+09
  6.220796953307415009e+09
  3.477675838732456970e+10
 -1.090099345119019699e+10
  4.500737493430809021e+10
 -4.128312669593223572e+09
  5.874171284923720360e+09
  1.910126807808412933e+10
  3.149668797146409607e+10
  4.933001893310890198e+10
  2.219016241451846695e+10
  1.770899526490750790e+09
  3.834908261256293488e+10
  8.636783443304241180e+09
 -6.269775236707029343e+09
 -3.819266928634966278e+10
 -1.203983441400834465e+10
  5.035643657502996826e+10
 -2.879296010106688690e+10
  6.170013498914260864e+08
  1.084001279131124115e+10
 -3.705507343650664520e+10
 -8.870316599044552612e+10
  2.376454876944001770e+10
 -5.381336279008977890e+09
  4.522468540321980286e+10
  2.846276809298554230e+10
 -4.175373374082633209e+10
  6.283528703936197662e+10
 -3.730285945248408508e+10
  2.935289260989887238e+10
 -8.719796721110885620e+09
  3.537253932668177795e+10
  1.154542184683383179e+10
  2.204781249123342896e+10
 -2.075755953381023407e+10
 -1.199032410603548813e+10
 -3.760303377288237000e+10
 -4.214033750401603699e+10
  9.942439680665760040e+09
 -2.950116397863225937e+10
  1.688389899743486404e+10
 -1.299490044170259476e+09
 -4.720520173872266769e+09
  8.434141618967167854e+09
  6.313281726207764435e+10
  1.125122136569718552e+10
  3.071406523571951675e+10
  1.574623727752662849e+10
 -1.953726001699144745e+10
  1.166713328043529510e+09
  2.575513495589454651e+09
  2.304458590931253052e+10
  4.408957627479315186e+10
 -4.223159830026113510e+09
  2.890580258233436203e+10
  3.362614218253980255e+10
  1.454885010712988663e+10
 -1.353668887287375450e+10
 -3.118911721347358704e+10
  8.777187954505687714e+09
  9.686584705452877045e+09
 -4.079045153033114624e+10
 -1.164680595387329102e+10
  4.746225582107913971e+09
  1.074666890893958664e+10
 -1.336095279324260521e+10
 -8.977228113286907196e+09
  9.729476688205623627e+08
 -8.725877413588706970e+09
  1.307849831984573364e+09
 -5.670621729964062500e+10
 -3.297267789409056091e+10
 -1.710787967508816147e+10
  3.442621045132787323e+10
 -4.847671106225434875e+10
  5.176695584964058685e+10
 -3.556395998468981934e+10
  2.607146516756739044e+10
 -9.607802008696334839e+09
  2.776905565922494507e+10
  2.024786709914467239e+10
  1.627911989749607277e+10
 -1.951339325602433014e+10
 -3.123066095345922089e+10
 -2.132329612047543335e+10
 -5.447849327977405548e+10
  1.266848662635605812e+10
 -2.817969414606807327e+10
  1.815394612682631683e+10
 -2.859226207162411499e+10
  1.747147881833983231e+10
  2.301470266720191956e+09
  1.034075424269171906e+10
 -1.086381498475037575e+09
 -5.109321085065321350e+10
  1.771684705206063271e+09
 -5.938172818902107239e+10
  2.153226817488490295e+10
 -8.236462050833953857e+09
  2.370078431591649246e+10
 -3.217096369670706749e+09
  1.034860554482776642e+09
  1.377698323298625946e+09
  1.517552116253774452e+10
  2.467227237364305115e+10
 -3.045343985260829926e+08
  1.152376544075210953e+10
  1.891077728240832520e+10
  2.950195687354044342e+10
 -3.488153935392415619e+10
 -4.690151575291708374e+10
 -1.256898220648089981e+10
 -1.297848501278702545e+10
 -1.682517572034245682e+10
  1.037368376722046280e+10
  3.583786888875734711e+10
  1.613495960948673248e+09
 -1.406848682771581268e+10
 -3.316137188878870010e+09
 -7.459576097557210922e+09
 -1.472073154919400978e+10
  2.275194028896217346e+09
 -1.561148648280759621e+10
  2.422034314477439117e+10
  8.895292157807386398e+09
  7.073244545226957703e+10
 -5.122760724246131897e+09
  1.007089053655669975e+10
 -5.071791627342207336e+10
  3.244842048422439575e+10
 -4.819178562905970001e+10
  5.530078546148132324e+10
 -2.993196865518655014e+10
  2.087338653511184692e+10
 -1.717682814464230347e+10
  1.411276428597427368e+10
  1.216048658856268311e+10
  2.796755691043161774e+10
 -3.080923350353001785e+10
 -1.435646449253834534e+10
 -3.988720757858817291e+10
 -3.577945419705516815e+10
  1.988620989790721893e+10
 -2.890171478353721237e+10
  3.341231472379537964e+10
 -2.800910851536509705e+10
  2.500655053248726654e+10
 -2.480624934049373245e+10
  2.609624919298391724e+10
 -1.344992397602241898e+10
 -1.411820535115296173e+10
  2.523869686877528381e+10
 -5.275146013008241272e+10
 -2.485911857087051392e+10
 -2.332074031239055634e+10
 -1.279824152239541435e+10
 -5.277464739190133095e+09
 -3.879187274717291260e+10
 -1.333136234874593544e+10
 -2.387205622270434570e+10
  2.938947279053987026e+09
  1.150913187142078400e+09
  9.330163454150173187e+09
  1.504795223583707619e+10
  2.517267114855451965e+10
  9.773710234020837784e+09
 -4.520988819279212952e+09
  5.463803606089277267e+09
  2.118515664953590393e+10
 -4.004633570873202515e+10
 -3.280537178564759827e+10
 -7.983206870883292198e+09
  5.060528415635013580e+08
 -7.374975919576187134e+09
  2.272599674860668182e+09
  3.265183632522050476e+10
 -1.543720041544112396e+10
 -6.151639986234521866e+09
 -3.132960889479108810e+09
 -1.933533298046402931e+09
 -2.507827586113598633e+10
 -1.151532255990831757e+10
 -3.061273141765509415e+10
  3.016398619477875519e+10
  7.694149682132698059e+09
  4.197767675350646210e+10
 -5.806575438004016876e+08
  1.503636128159756660e+09
  2.772705136543589020e+10
  2.212060037684216690e+10
  8.528666645024393082e+09
 -6.150531135700501251e+10
 -2.638595046477501678e+10
  4.038677958534849548e+10
 -3.881307682656940460e+10
  4.235022122210191345e+10
 -3.718085846276748657e+10
  1.842675489183234024e+10
 -2.630508128472163391e+10
  1.511998441589542389e+10
  1.429519491102860832e+10
  1.812169421800398254e+10
 -1.693593940959702492e+10
 -7.726640222668618202e+09
 -2.515697228290773010e+10
 -1.037229128196960831e+10
  1.699854075776365662e+10
 -3.157769556473941040e+10
  9.122694635799182892e+09
 -2.528902798664469528e+10
  3.843176946714565754e+09
 -2.259778384959144592e+10
  1.617638886191027832e+10
  6.679015385455513000e+09
  2.644378707993873596e+10
  1.386780869053985023e+10
 -2.671984455649423218e+10
  3.261184883025384903e+09
 -1.804043217157566452e+10
 -1.020217572914199066e+10
 -4.399264991593722343e+09
 -3.105226624425790024e+10
  5.625693966777341843e+09
  9.042899321019109726e+09
  1.495025124589799881e+09
  3.683279801610643768e+10
 -3.966392096376658630e+10
 -3.915275960004067421e+09
 -2.755967429379296303e+08
 -2.299006599262697220e+09
 -1.825481489365312576e+09
  1.460314072275520325e+10
  1.882229788684352112e+10
  1.732345385022721100e+10
  1.155225607340537834e+10
  1.255154518070071793e+10
  1.759467236834682465e+10
 -2.977115185095539474e+10
 -4.253100245724807739e+10
 -7.188463927519226074e+09
  5.462808855949707031e+08
 -1.238865645948248672e+10
  9.308737294907459259e+09
  1.694024221550704956e+10
 -1.812613334808483505e+10
  4.019241123485366821e+09
 -5.155329276802709579e+09
  1.193970104977280998e+10
 -2.765709033733959961e+10
  2.176094149970779419e+08
 -2.041336162887252045e+10
  1.046927420878157616e+10
  9.208088944662014008e+09
  2.791651045977365112e+10
 -5.354146026038097382e+09
  3.217735249217620087e+10
  4.106600473897676849e+10
  2.735055806461540985e+10
  2.258439514084256363e+10
 -7.675657063043567657e+09
  1.540090736822518539e+10
 -7.392746844664979553e+10
  1.512061077647953415e+10
 -2.112693741248472595e+10
 -7.172746275815622330e+09
  4.199962639242678833e+10
 -3.645730373067277527e+10
  4.442473348247172546e+10
 -3.385061772578939438e+10
  1.012022900474219894e+10
 -1.892309031628686523e+10
  9.023873069670326233e+09
  5.990587164733225822e+09
  1.591207153481346130e+10
 -2.533121527435407257e+10
 -6.934000481338412285e+09
 -1.855311088637458038e+10
  3.649205051496681213e+09
  1.065086524251824570e+10
 -2.477985823653326416e+10
  1.601167995443457603e+10
 -2.234129518587837601e+10
  4.440985439330347061e+09
 -1.631968152443861008e+10
  1.176836223418082237e+09
  1.051273397296712875e+10
  9.790097878572574615e+09
 -8.596151610434288025e+09
 -1.446882130497803879e+10
  2.305054904907546997e+10
 -1.404312599048878860e+10
  1.463607369905261993e+10
 -5.664168431194421768e+09
 -5.435245152068777084e+09
 -6.800055682473945618e+08
 -1.276194440234524918e+10
  1.058931806937883949e+10
  9.697305349252525330e+09
 -4.597568359575576782e+08
 -2.171007396626303673e+09
 -4.734718175369958496e+10
  4.739198128995880127e+10
  7.239796405616579056e+09
  2.739329684690674210e+10
  7.270711696682522774e+09
  2.013268748568672180e+09
  5.355042970749984741e+09
  1.393546347986748123e+10
  1.043609545642580223e+10
  8.460886428622940063e+09
  4.303152193359374046e+09
  5.466953128222989082e+09
  2.164114745835449600e+10
 -2.794132141683946228e+10
 -2.485069592154558563e+10
 -9.355757043274356842e+09
  2.433533637827808380e+09
  2.245695499273737907e+09
  3.218304255897330284e+09
  1.704068692506813431e+10
 -2.875744667473528290e+10
  4.551035180069518089e+09
 -2.274123975778858185e+09
  2.204548065631711006e+09
 -3.922846095719752502e+10
 -4.806073232643274307e+09
 -9.180093647503501892e+09
  5.932114508203910828e+09
  1.037221526893880463e+10
  1.137084404879515457e+10
 -2.023575475651968002e+09
  2.719722783908425140e+10
  3.344149434829209900e+10
  1.548933007794126892e+10
  1.298919649841950989e+10
  1.673350652864646530e+10
  4.665404358063302612e+10
 -1.870718497362287903e+10
  1.517601918998030472e+10
  5.208509199705163956e+09
  6.590711215418117523e+09
  1.406234453842989540e+10
 -1.769166857491823196e+10
 -6.708419148545096397e+09
  2.217941665558925629e+09

